0  0 0 0  0 0 0  0 0 0  5.974e+24
864  12.5011 0.00953563 0  0.0289444 3.31213e-05 0  3.35042e-05 7.66875e-08 0  5.974e+24
1728  50.0071 0.0762983 0  0.0578886 0.000132493 0  3.3504e-05 1.53375e-07 0  5.974e+24
2592  112.518 0.257521 0  0.0868325 0.000298114 0  3.35036e-05 2.30061e-07 0  5.974e+24
3456  200.033 0.610437 0  0.115776 0.000529984 0  3.3503e-05 3.06747e-07 0  5.974e+24
4320  312.553 1.19228 0  0.144719 0.000828103 0  3.35022e-05 3.83431e-07 0  5.974e+24
5184  450.075 2.06028 0  0.173661 0.00119247 0  3.35013e-05 4.60113e-07 0  5.974e+24
6048  612.601 3.27166 0  0.202602 0.00162308 0  3.35002e-05 5.36794e-07 0  5.974e+24
6912  800.129 4.88366 0  0.231543 0.00211993 0  3.3499e-05 6.13472e-07 0  5.974e+24
7776  1012.66 6.9535 0  0.260482 0.00268303 0  3.34975e-05 6.90148e-07 0  5.974e+24
8640  1250.19 9.53841 0  0.28942 0.00331236 0  3.34959e-05 7.6682e-07 0  5.974e+24
9504  1512.71 12.6956 0  0.318356 0.00400793 0  3.34942e-05 8.4349e-07 0  5.974e+24
10368  1800.24 16.4823 0  0.347291 0.00476973 0  3.34923e-05 9.20155e-07 0  5.974e+24
11232  2112.76 20.9557 0  0.376224 0.00559777 0  3.34902e-05 9.96817e-07 0  5.974e+24
12096  2450.27 26.1731 0  0.405155 0.00649203 0  3.34879e-05 1.07347e-06 0  5.974e+24
12960  2812.78 32.1916 0  0.434084 0.00745251 0  3.34855e-05 1.15013e-06 0  5.974e+24
13824  3200.28 39.0685 0  0.463011 0.00847921 0  3.34829e-05 1.22678e-06 0  5.974e+24
14688  3612.77 46.861 0  0.491936 0.00957212 0  3.34801e-05 1.30342e-06 0  5.974e+24
15552  4050.25 55.6262 0  0.520858 0.0107312 0  3.34772e-05 1.38006e-06 0  5.974e+24
16416  4512.71 65.4214 0  0.549778 0.0119566 0  3.34741e-05 1.45669e-06 0  5.974e+24
17280  5000.15 76.3037 0  0.578695 0.0132481 0  3.34708e-05 1.53331e-06 0  5.974e+24
18144  5512.57 88.3304 0  0.607609 0.0146058 0  3.34674e-05 1.60993e-06 0  5.974e+24
19008  6049.97 101.559 0  0.636519 0.0160297 0  3.34638e-05 1.68654e-06 0  5.974e+24
19872  6612.34 116.045 0  0.665427 0.0175198 0  3.346e-05 1.76315e-06 0  5.974e+24
20736  7199.69 131.848 0  0.694332 0.0190761 0  3.34561e-05 1.83974e-06 0  5.974e+24
21600  7812.01 149.024 0  0.723233 0.0206985 0  3.3452e-05 1.91633e-06 0  5.974e+24
22464  8449.29 167.63 0  0.75213 0.0223871 0  3.34477e-05 1.99291e-06 0  5.974e+24
23328  9111.53 187.723 0  0.781023 0.0241419 0  3.34433e-05 2.06948e-06 0  5.974e+24
24192  9798.74 209.361 0  0.809913 0.0259628 0  3.34386e-05 2.14605e-06 0  5.974e+24
25056  10510.9 232.601 0  0.838799 0.0278498 0  3.34339e-05 2.2226e-06 0  5.974e+24
25920  11248 257.499 0  0.86768 0.029803 0  3.34289e-05 2.29915e-06 0  5.974e+24
26784  12010.1 284.113 0  0.896557 0.0318222 0  3.34238e-05 2.37568e-06 0  5.974e+24
27648  12797.1 312.5 0  0.92543 0.0339076 0  3.34185e-05 2.4522e-06 0  5.974e+24
28512  13609 342.717 0  0.954298 0.0360591 0  3.34131e-05 2.52872e-06 0  5.974e+24
29376  14445.9 374.822 0  0.983161 0.0382768 0  3.34075e-05 2.60522e-06 0  5.974e+24
30240  15307.7 408.871 0  1.01202 0.0405604 0  3.34017e-05 2.68171e-06 0  5.974e+24
31104  16194.5 444.921 0  1.04087 0.0429102 0  3.33958e-05 2.75819e-06 0  5.974e+24
31968  17106.1 483.03 0  1.06972 0.045326 0  3.33897e-05 2.83466e-06 0  5.974e+24
32832  18042.7 523.254 0  1.09856 0.0478079 0  3.33834e-05 2.91112e-06 0  5.974e+24
33696  19004.2 565.651 0  1.1274 0.0503559 0  3.33769e-05 2.98756e-06 0  5.974e+24
34560  19990.6 610.278 0  1.15623 0.0529698 0  3.33703e-05 3.06399e-06 0  5.974e+24
35424  21002 657.191 0  1.18506 0.0556498 0  3.33635e-05 3.14041e-06 0  5.974e+24
36288  22038.2 706.448 0  1.21388 0.0583958 0  3.33566e-05 3.21682e-06 0  5.974e+24
37152  23099.3 758.106 0  1.24269 0.0612078 0  3.33495e-05 3.29321e-06 0  5.974e+24
38016  24185.3 812.222 0  1.2715 0.0640858 0  3.33422e-05 3.36958e-06 0  5.974e+24
38880  25296.2 868.852 0  1.3003 0.0670298 0  3.33347e-05 3.44594e-06 0  5.974e+24
39744  26432 928.055 0  1.32909 0.0700397 0  3.33271e-05 3.52229e-06 0  5.974e+24
40608  27592.6 989.886 0  1.35788 0.0731156 0  3.33193e-05 3.59862e-06 0  5.974e+24
41472  28778.1 1054.4 0  1.38666 0.0762574 0  3.33114e-05 3.67494e-06 0  5.974e+24
42336  29988.5 1121.66 0  1.41544 0.0794651 0  3.33033e-05 3.75124e-06 0  5.974e+24
43200  31223.7 1191.72 0  1.4442 0.0827388 0  3.3295e-05 3.82753e-06 0  5.974e+24
44064  32483.8 1264.64 0  1.47296 0.0860783 0  3.32865e-05 3.90379e-06 0  5.974e+24
44928  33768.7 1340.47 0  1.50172 0.0894837 0  3.32779e-05 3.98005e-06 0  5.974e+24
45792  35078.4 1419.27 0  1.53046 0.092955 0  3.32691e-05 4.05628e-06 0  5.974e+24
46656  36413 1501.09 0  1.5592 0.0964922 0  3.32602e-05 4.1325e-06 0  5.974e+24
47520  37772.4 1586 0  1.58793 0.100095 0  3.32511e-05 4.2087e-06 0  5.974e+24
48384  39156.6 1674.05 0  1.61665 0.103764 0  3.32418e-05 4.28488e-06 0  5.974e+24
49248  40565.6 1765.3 0  1.64536 0.107499 0  3.32323e-05 4.36104e-06 0  5.974e+24
50112  41999.5 1859.81 0  1.67407 0.111299 0  3.32227e-05 4.43718e-06 0  5.974e+24
50976  43458.1 1957.63 0  1.70277 0.115165 0  3.32129e-05 4.51331e-06 0  5.974e+24
51840  44941.5 2058.81 0  1.73145 0.119097 0  3.3203e-05 4.58941e-06 0  5.974e+24
52704  46449.7 2163.42 0  1.76013 0.123095 0  3.31928e-05 4.6655e-06 0  5.974e+24
53568  47982.7 2271.51 0  1.7888 0.127158 0  3.31826e-05 4.74156e-06 0  5.974e+24
54432  49540.4 2383.14 0  1.81747 0.131287 0  3.31721e-05 4.81761e-06 0  5.974e+24
55296  51122.9 2498.37 0  1.84612 0.135482 0  3.31615e-05 4.89363e-06 0  5.974e+24
56160  52730.1 2617.25 0  1.87476 0.139742 0  3.31507e-05 4.96964e-06 0  5.974e+24
57024  54362.1 2739.83 0  1.9034 0.144068 0  3.31398e-05 5.04562e-06 0  5.974e+24
57888  56018.8 2866.19 0  1.93202 0.14846 0  3.31286e-05 5.12158e-06 0  5.974e+24
58752  57700.2 2996.36 0  1.96064 0.152917 0  3.31173e-05 5.19752e-06 0  5.974e+24
59616  59406.4 3130.42 0  1.98924 0.15744 0  3.31059e-05 5.27343e-06 0  5.974e+24
60480  61137.2 3268.41 0  2.01784 0.162029 0  3.30943e-05 5.34933e-06 0  5.974e+24
61344  62892.8 3410.39 0  2.04642 0.166683 0  3.30825e-05 5.4252e-06 0  5.974e+24
62208  64673 3556.42 0  2.075 0.171403 0  3.30705e-05 5.50105e-06 0  5.974e+24
63072  66478 3706.55 0  2.10356 0.176188 0  3.30584e-05 5.57687e-06 0  5.974e+24
63936  68307.6 3860.85 0  2.13212 0.181038 0  3.30461e-05 5.65267e-06 0  5.974e+24
64800  70161.8 4019.37 0  2.16066 0.185954 0  3.30337e-05 5.72844e-06 0  5.974e+24
65664  72040.7 4182.16 0  2.18919 0.190936 0  3.30211e-05 5.80419e-06 0  5.974e+24
66528  73944.3 4349.29 0  2.21771 0.195983 0  3.30083e-05 5.87992e-06 0  5.974e+24
67392  75872.5 4520.8 0  2.24622 0.201095 0  3.29953e-05 5.95562e-06 0  5.974e+24
68256  77825.3 4696.76 0  2.27472 0.206273 0  3.29822e-05 6.03129e-06 0  5.974e+24
69120  79802.8 4877.22 0  2.30321 0.211516 0  3.29689e-05 6.10694e-06 0  5.974e+24
69984  81804.8 5062.23 0  2.33169 0.216824 0  3.29555e-05 6.18256e-06 0  5.974e+24
70848  83831.4 5251.87 0  2.36015 0.222198 0  3.29419e-05 6.25816e-06 0  5.974e+24
71712  85882.7 5446.17 0  2.3886 0.227637 0  3.29281e-05 6.33373e-06 0  5.974e+24
72576  87958.5 5645.2 0  2.41704 0.233142 0  3.29142e-05 6.40927e-06 0  5.974e+24
73440  90058.8 5849.01 0  2.44547 0.238711 0  3.29e-05 6.48478e-06 0  5.974e+24
74304  92183.7 6057.66 0  2.47389 0.244346 0  3.28858e-05 6.56027e-06 0  5.974e+24
75168  94333.2 6271.21 0  2.50229 0.250046 0  3.28713e-05 6.63572e-06 0  5.974e+24
76032  96507.2 6489.71 0  2.53068 0.255811 0  3.28567e-05 6.71115e-06 0  5.974e+24
76896  98705.7 6713.22 0  2.55906 0.261641 0  3.28419e-05 6.78655e-06 0  5.974e+24
77760  100929 6941.79 0  2.58743 0.267537 0  3.2827e-05 6.86192e-06 0  5.974e+24
78624  103176 7175.48 0  2.61578 0.273498 0  3.28119e-05 6.93726e-06 0  5.974e+24
79488  105448 7414.36 0  2.64412 0.279523 0  3.27966e-05 7.01257e-06 0  5.974e+24
80352  107745 7658.46 0  2.67245 0.285614 0  3.27812e-05 7.08785e-06 0  5.974e+24
81216  110066 7907.86 0  2.70076 0.29177 0  3.27656e-05 7.1631e-06 0  5.974e+24
82080  112411 8162.6 0  2.72906 0.29799 0  3.27498e-05 7.23832e-06 0  5.974e+24
82944  114781 8422.74 0  2.75734 0.304276 0  3.27339e-05 7.31351e-06 0  5.974e+24
83808  117175 8688.35 0  2.78562 0.310626 0  3.27178e-05 7.38866e-06 0  5.974e+24
84672  119594 8959.46 0  2.81387 0.317042 0  3.27015e-05 7.46379e-06 0  5.974e+24
85536  122037 9236.15 0  2.84212 0.323522 0  3.26851e-05 7.53888e-06 0  5.974e+24
86400  124505 9518.46 0  2.87035 0.330068 0  3.26685e-05 7.61394e-06 0  5.974e+24
