0  3.844e+08 0 0  0 1018.46 0  0 0 0  7.342e+22
864  3.84399e+08 879846 0  -2.35513 1018.46 0  -0.00272615 -6.23986e-06 0  7.342e+22
1728  3.84396e+08 1.75969e+06 0  -4.71025 1018.45 0  -0.00272613 -1.24797e-05 0  7.342e+22
2592  3.84391e+08 2.63952e+06 0  -7.06534 1018.44 0  -0.0027261 -1.87195e-05 0  7.342e+22
3456  3.84384e+08 3.51934e+06 0  -9.4204 1018.42 0  -0.00272605 -2.49592e-05 0  7.342e+22
4320  3.84375e+08 4.39914e+06 0  -11.7754 1018.39 0  -0.00272599 -3.11988e-05 0  7.342e+22
5184  3.84363e+08 5.27892e+06 0  -14.1304 1018.36 0  -0.00272592 -3.74383e-05 0  7.342e+22
6048  3.8435e+08 6.15866e+06 0  -16.4852 1018.33 0  -0.00272583 -4.36776e-05 0  7.342e+22
6912  3.84335e+08 7.03838e+06 0  -18.84 1018.29 0  -0.00272573 -4.99167e-05 0  7.342e+22
7776  3.84318e+08 7.91806e+06 0  -21.1947 1018.24 0  -0.00272561 -5.61556e-05 0  7.342e+22
8640  3.84298e+08 8.7977e+06 0  -23.5493 1018.19 0  -0.00272548 -6.23942e-05 0  7.342e+22
9504  3.84277e+08 9.67729e+06 0  -25.9038 1018.13 0  -0.00272534 -6.86326e-05 0  7.342e+22
10368  3.84254e+08 1.05568e+07 0  -28.2582 1018.07 0  -0.00272518 -7.48707e-05 0  7.342e+22
11232  3.84228e+08 1.14363e+07 0  -30.6124 1018 0  -0.00272501 -8.11085e-05 0  7.342e+22
12096  3.84201e+08 1.23157e+07 0  -32.9664 1017.93 0  -0.00272483 -8.73459e-05 0  7.342e+22
12960  3.84171e+08 1.31951e+07 0  -35.3203 1017.85 0  -0.00272463 -9.3583e-05 0  7.342e+22
13824  3.8414e+08 1.40744e+07 0  -37.6741 1017.77 0  -0.00272442 -9.98196e-05 0  7.342e+22
14688  3.84106e+08 1.49536e+07 0  -40.0276 1017.68 0  -0.00272419 -0.000106056 0  7.342e+22
15552  3.8407e+08 1.58327e+07 0  -42.3809 1017.59 0  -0.00272395 -0.000112292 0  7.342e+22
16416  3.84033e+08 1.67118e+07 0  -44.734 1017.49 0  -0.0027237 -0.000118527 0  7.342e+22
17280  3.83993e+08 1.75907e+07 0  -47.0869 1017.38 0  -0.00272344 -0.000124762 0  7.342e+22
18144  3.83951e+08 1.84696e+07 0  -49.4396 1017.27 0  -0.00272316 -0.000130996 0  7.342e+22
19008  3.83908e+08 1.93484e+07 0  -51.792 1017.16 0  -0.00272286 -0.00013723 0  7.342e+22
19872  3.83862e+08 2.0227e+07 0  -54.1441 1017.03 0  -0.00272256 -0.000143463 0  7.342e+22
20736  3.83814e+08 2.11056e+07 0  -56.496 1016.91 0  -0.00272224 -0.000149695 0  7.342e+22
21600  3.83764e+08 2.19841e+07 0  -58.8476 1016.78 0  -0.0027219 -0.000155927 0  7.342e+22
22464  3.83713e+08 2.28624e+07 0  -61.1989 1016.64 0  -0.00272155 -0.000162158 0  7.342e+22
23328  3.83659e+08 2.37406e+07 0  -63.5499 1016.5 0  -0.00272119 -0.000168389 0  7.342e+22
24192  3.83603e+08 2.46187e+07 0  -65.9006 1016.35 0  -0.00272082 -0.000174618 0  7.342e+22
25056  3.83545e+08 2.54966e+07 0  -68.2509 1016.19 0  -0.00272043 -0.000180847 0  7.342e+22
25920  3.83485e+08 2.63745e+07 0  -70.6009 1016.03 0  -0.00272003 -0.000187076 0  7.342e+22
26784  3.83423e+08 2.72521e+07 0  -72.9506 1015.87 0  -0.00271961 -0.000193303 0  7.342e+22
27648  3.83359e+08 2.81297e+07 0  -75.2999 1015.7 0  -0.00271918 -0.00019953 0  7.342e+22
28512  3.83293e+08 2.90071e+07 0  -77.6488 1015.53 0  -0.00271874 -0.000205755 0  7.342e+22
29376  3.83225e+08 2.98843e+07 0  -79.9973 1015.35 0  -0.00271828 -0.00021198 0  7.342e+22
30240  3.83154e+08 3.07614e+07 0  -82.3454 1015.16 0  -0.00271781 -0.000218204 0  7.342e+22
31104  3.83082e+08 3.16383e+07 0  -84.6932 1014.97 0  -0.00271733 -0.000224427 0  7.342e+22
31968  3.83008e+08 3.2515e+07 0  -87.0404 1014.77 0  -0.00271683 -0.000230649 0  7.342e+22
32832  3.82932e+08 3.33916e+07 0  -89.3873 1014.57 0  -0.00271632 -0.00023687 0  7.342e+22
33696  3.82854e+08 3.4268e+07 0  -91.7337 1014.36 0  -0.0027158 -0.00024309 0  7.342e+22
34560  3.82773e+08 3.51442e+07 0  -94.0796 1014.15 0  -0.00271526 -0.000249309 0  7.342e+22
35424  3.82691e+08 3.60203e+07 0  -96.4251 1013.93 0  -0.00271471 -0.000255527 0  7.342e+22
36288  3.82607e+08 3.68961e+07 0  -98.7701 1013.71 0  -0.00271414 -0.000261744 0  7.342e+22
37152  3.8252e+08 3.77717e+07 0  -101.115 1013.48 0  -0.00271356 -0.00026796 0  7.342e+22
38016  3.82432e+08 3.86472e+07 0  -103.459 1013.25 0  -0.00271297 -0.000274174 0  7.342e+22
38880  3.82342e+08 3.95224e+07 0  -105.802 1013.01 0  -0.00271236 -0.000280388 0  7.342e+22
39744  3.82249e+08 4.03975e+07 0  -108.145 1012.76 0  -0.00271174 -0.0002866 0  7.342e+22
40608  3.82155e+08 4.12723e+07 0  -110.487 1012.51 0  -0.00271111 -0.000292811 0  7.342e+22
41472  3.82058e+08 4.21469e+07 0  -112.829 1012.25 0  -0.00271046 -0.000299021 0  7.342e+22
42336  3.8196e+08 4.30212e+07 0  -115.171 1011.99 0  -0.0027098 -0.000305229 0  7.342e+22
43200  3.81859e+08 4.38954e+07 0  -117.511 1011.73 0  -0.00270913 -0.000311436 0  7.342e+22
44064  3.81757e+08 4.47693e+07 0  -119.851 1011.46 0  -0.00270844 -0.000317642 0  7.342e+22
44928  3.81652e+08 4.5643e+07 0  -122.191 1011.18 0  -0.00270774 -0.000323846 0  7.342e+22
45792  3.81546e+08 4.65164e+07 0  -124.53 1010.9 0  -0.00270703 -0.000330049 0  7.342e+22
46656  3.81437e+08 4.73896e+07 0  -126.868 1010.61 0  -0.0027063 -0.000336251 0  7.342e+22
47520  3.81327e+08 4.82625e+07 0  -129.206 1010.32 0  -0.00270556 -0.000342451 0  7.342e+22
48384  3.81214e+08 4.91352e+07 0  -131.543 1010.02 0  -0.0027048 -0.00034865 0  7.342e+22
49248  3.81099e+08 5.00077e+07 0  -133.879 1009.71 0  -0.00270403 -0.000354847 0  7.342e+22
50112  3.80983e+08 5.08798e+07 0  -136.215 1009.4 0  -0.00270325 -0.000361042 0  7.342e+22
50976  3.80864e+08 5.17517e+07 0  -138.55 1009.09 0  -0.00270245 -0.000367236 0  7.342e+22
51840  3.80743e+08 5.26233e+07 0  -140.884 1008.77 0  -0.00270164 -0.000373429 0  7.342e+22
52704  3.80621e+08 5.34946e+07 0  -143.218 1008.44 0  -0.00270082 -0.00037962 0  7.342e+22
53568  3.80496e+08 5.43657e+07 0  -145.551 1008.11 0  -0.00269998 -0.000385809 0  7.342e+22
54432  3.80369e+08 5.52365e+07 0  -147.883 1007.78 0  -0.00269913 -0.000391997 0  7.342e+22
55296  3.8024e+08 5.61069e+07 0  -150.214 1007.44 0  -0.00269827 -0.000398183 0  7.342e+22
56160  3.80109e+08 5.69771e+07 0  -152.545 1007.09 0  -0.00269739 -0.000404367 0  7.342e+22
57024  3.79977e+08 5.7847e+07 0  -154.875 1006.74 0  -0.0026965 -0.000410549 0  7.342e+22
57888  3.79842e+08 5.87165e+07 0  -157.204 1006.38 0  -0.00269559 -0.00041673 0  7.342e+22
58752  3.79705e+08 5.95858e+07 0  -159.532 1006.02 0  -0.00269467 -0.000422909 0  7.342e+22
59616  3.79566e+08 6.04547e+07 0  -161.86 1005.65 0  -0.00269374 -0.000429086 0  7.342e+22
60480  3.79425e+08 6.13234e+07 0  -164.186 1005.28 0  -0.0026928 -0.000435261 0  7.342e+22
61344  3.79283e+08 6.21917e+07 0  -166.512 1004.9 0  -0.00269184 -0.000441435 0  7.342e+22
62208  3.79138e+08 6.30596e+07 0  -168.837 1004.51 0  -0.00269087 -0.000447606 0  7.342e+22
63072  3.78991e+08 6.39273e+07 0  -171.161 1004.12 0  -0.00268988 -0.000453776 0  7.342e+22
63936  3.78842e+08 6.47945e+07 0  -173.485 1003.73 0  -0.00268888 -0.000459943 0  7.342e+22
64800  3.78691e+08 6.56615e+07 0  -175.807 1003.33 0  -0.00268787 -0.000466109 0  7.342e+22
65664  3.78538e+08 6.65281e+07 0  -178.129 1002.92 0  -0.00268684 -0.000472273 0  7.342e+22
66528  3.78383e+08 6.73943e+07 0  -180.45 1002.51 0  -0.0026858 -0.000478434 0  7.342e+22
67392  3.78226e+08 6.82602e+07 0  -182.769 1002.1 0  -0.00268475 -0.000484594 0  7.342e+22
68256  3.78068e+08 6.91258e+07 0  -185.088 1001.68 0  -0.00268368 -0.000490751 0  7.342e+22
69120  3.77907e+08 6.99909e+07 0  -187.406 1001.25 0  -0.0026826 -0.000496906 0  7.342e+22
69984  3.77744e+08 7.08557e+07 0  -189.723 1000.82 0  -0.00268151 -0.000503059 0  7.342e+22
70848  3.77579e+08 7.17201e+07 0  -192.039 1000.38 0  -0.0026804 -0.00050921 0  7.342e+22
71712  3.77412e+08 7.25842e+07 0  -194.355 999.937 0  -0.00267928 -0.000515359 0  7.342e+22
72576  3.77243e+08 7.34478e+07 0  -196.669 999.489 0  -0.00267814 -0.000521506 0  7.342e+22
73440  3.77072e+08 7.43111e+07 0  -198.982 999.036 0  -0.00267699 -0.00052765 0  7.342e+22
74304  3.76899e+08 7.5174e+07 0  -201.294 998.578 0  -0.00267583 -0.000533792 0  7.342e+22
75168  3.76724e+08 7.60364e+07 0  -203.605 998.114 0  -0.00267466 -0.000539932 0  7.342e+22
76032  3.76547e+08 7.68985e+07 0  -205.915 997.645 0  -0.00267347 -0.000546069 0  7.342e+22
76896  3.76369e+08 7.77602e+07 0  -208.224 997.17 0  -0.00267227 -0.000552204 0  7.342e+22
77760  3.76188e+08 7.86214e+07 0  -210.532 996.691 0  -0.00267105 -0.000558337 0  7.342e+22
78624  3.76005e+08 7.94822e+07 0  -212.839 996.206 0  -0.00266982 -0.000564467 0  7.342e+22
79488  3.7582e+08 8.03427e+07 0  -215.145 995.715 0  -0.00266858 -0.000570595 0  7.342e+22
80352  3.75633e+08 8.12026e+07 0  -217.45 995.22 0  -0.00266732 -0.000576721 0  7.342e+22
81216  3.75444e+08 8.20622e+07 0  -219.754 994.719 0  -0.00266605 -0.000582844 0  7.342e+22
82080  3.75253e+08 8.29213e+07 0  -222.057 994.213 0  -0.00266477 -0.000588964 0  7.342e+22
82944  3.75061e+08 8.378e+07 0  -224.358 993.701 0  -0.00266347 -0.000595082 0  7.342e+22
83808  3.74866e+08 8.46382e+07 0  -226.658 993.185 0  -0.00266216 -0.000601197 0  7.342e+22
84672  3.74669e+08 8.5496e+07 0  -228.958 992.663 0  -0.00266084 -0.00060731 0  7.342e+22
85536  3.7447e+08 8.63534e+07 0  -231.256 992.135 0  -0.0026595 -0.00061342 0  7.342e+22
86400  3.74269e+08 8.72102e+07 0  -233.553 991.603 0  -0.00265815 -0.000619527 0  7.342e+22
